1
2000
-12 7
-6 11
-3 -19
-2 21
-7 21
-23 -7
0 17
-7 -2
-7 -9
-17 -6
1 -18
5 -2
-14 -7
19 17
-16 10
5 -19
-15 10
2 -17
-6 -4
-9 15
21 1
12 -4
19 9
20 17
-11 19
-8 -20
7 -23
0 -9
5 -12
7 21
14 14
-15 -8
-15 1
12 -13
18 18
-12 19
15 -14
19 14
-7 -13
-17 20
3 -11
-5 5
-4 -22
21 -4
1 20
-5 0
-11 -19
-20 13
15 -12
6 10
-20 -18
-7 -5
8 -1
21 14
6 6
14 4
4 9
20 -16
5 6
-5 14
2 6
-16 -18
1 -12
-12 12
20 9
-17 -22
-19 -10
-22 15
-1 15
-13 13
-4 8
13 -19
-18 3
20 -20
7 -4
7 19
-8 16
-23 22
-21 -7
-21 -13
-18 -23
21 -1
18 15
-14 -18
19 -7
-20 14
17 -17
-9 -13
-7 15
-20 19
3 -12
-15 0
8 15
8 -17
-9 14
-14 10
-12 5
18 19
7 -20
-12 20
-12 6
-12 -16
17 -8
20 -11
-13 8
10 14
22 -14
0 -11
-15 -19
6 3
-20 -19
10 -19
-15 -14
7 12
-16 -2
-5 -7
-23 16
0 -3
4 5
9 -12
-21 -6
10 6
8 17
-23 -3
8 10
-14 -13
22 -8
22 -3
17 17
-1 20
-17 -13
-13 22
19 8
7 -5
-21 14
8 8
14 6
6 1
16 14
1 0
-9 -12
-3 12
10 10
15 2
-10 -10
22 -7
0 7
18 5
22 -13
3 -3
15 -22
16 18
18 -11
-14 22
-2 -8
-4 -19
-17 9
11 13
9 11
8 5
-16 -1
15 -3
-15 -18
19 0
22 -6
19 -2
0 -7
10 -17
-2 13
-20 9
22 10
-8 20
15 18
4 -15
11 21
9 -20
-6 -11
6 -21
-14 8
-20 -15
16 9
6 -16
13 3
-4 6
18 -15
4 -19
13 6
-3 21
-19 -4
-3 19
2 10
15 20
-8 8
22 22
20 -5
-2 -5
-12 -22
-8 6
-2 -6
-16 5
-20 22
15 -7
16 -8
-18 7
5 14
6 -15
17 6
1 -20
-6 -23
-18 13
6 -7
13 1
-21 0
8 -7
0 0
2 13
10 -14
-19 -20
-18 -22
-9 11
-14 3
-7 -18
-18 6
1 9
-17 -4
-11 -2
-23 -18
-19 -11
-23 -13
20 13
13 -4
15 -1
22 17
12 14
-23 -14
-7 -12
10 -11
15 -9
-23 7
21 12
16 -4
-18 -19
19 12
-19 1
-12 8
16 -1
16 -15
14 11
5 4
0 8
-17 -23
-18 -12
19 7
-11 1
-10 -11
15 10
-11 -8
-19 -21
10 -13
19 11
-23 -5
16 4
5 -8
9 -19
-19 2
11 -21
6 -19
22 -16
7 8
-19 6
-7 16
18 -1
-9 0
19 -6
1 13
-16 22
-15 -13
2 -8
-23 5
-2 9
0 22
17 -21
-20 -17
-16 -6
-16 -12
-3 11
-20 -20
3 -19
1 8
-9 -2
-2 12
18 13
-13 -10
4 -11
21 0
17 -1
-18 0
-13 9
-13 19
-19 17
21 -15
7 6
1 -11
-11 2
3 3
14 20
0 -10
-6 -6
4 6
13 -17
16 -14
12 -10
-14 -1
7 18
20 4
12 22
12 -20
7 -6
8 2
12 11
-13 2
7 -22
3 -8
5 18
-5 -22
8 -21
1 -9
3 20
10 -1
19 -22
-12 -21
13 -2
-6 -20
3 1
4 8
17 3
-3 4
-11 -6
21 21
8 -6
4 12
0 -16
12 -14
-1 -20
-9 -7
-9 -1
-21 21
-22 -5
-3 -7
5 -9
-10 10
-11 0
11 -1
-11 17
-8 -17
-6 -2
-10 22
-5 -1
22 7
19 -21
17 -2
13 -6
-13 14
2 12
12 15
-15 16
-10 -19
-14 -15
19 -8
0 4
-14 -22
-19 3
-5 7
-3 8
-20 -3
2 2
-21 -14
0 -6
11 22
11 -13
-18 -21
-4 -1
-12 -7
5 -7
-3 0
4 15
-6 -8
17 -4
0 -21
-11 22
-21 -2
19 -19
-17 7
22 1
-5 21
-11 10
11 -14
-14 2
7 -12
-10 3
-21 -9
9 -7
12 -2
5 -13
12 0
9 1
-23 12
1 -16
-1 -13
9 -23
-7 -17
9 -15
-20 7
-4 -5
2 -19
1 -15
17 -20
-15 -4
-10 -1
7 3
-20 1
-13 11
12 8
-13 -18
-1 22
5 -4
21 -11
8 21
-21 8
-14 20
-17 -16
14 16
18 -19
20 -12
8 -4
-5 11
1 -5
5 -10
2 8
-19 -8
22 9
16 10
1 10
15 1
22 13
8 -12
19 4
-2 14
-4 -17
-18 -3
-4 -3
9 12
-23 -15
16 -5
-12 16
-1 -17
-6 -18
20 20
-7 -11
-22 -20
4 13
-16 3
-3 -15
22 2
3 -17
17 20
-10 17
-1 7
-20 10
-4 14
-18 1
-11 -3
-12 -6
-11 8
-4 11
9 21
-17 -1
-16 14
20 16
-22 22
15 -8
-16 -4
15 19
-2 -2
-8 22
14 2
5 -21
9 -21
-5 13
-16 -10
-16 2
-20 3
-4 20
-10 14
-14 -20
-4 -9
13 17
-18 9
-1 11
-22 -22
-12 9
20 14
1 -21
12 16
-14 -9
18 4
4 22
-11 -23
10 -4
-5 15
-12 -1
12 19
22 -22
-4 -8
15 17
-21 20
10 -16
21 19
-10 21
-8 12
20 -6
-9 -3
-10 18
21 7
0 2
12 -3
20 -14
-15 11
-21 -23
-9 9
2 -13
9 -9
-14 16
-8 -6
9 -6
5 13
9 -5
-16 -21
-17 14
-15 -3
20 7
8 3
13 -1
-20 -1
-22 17
12 18
-15 4
9 13
13 -21
-2 0
-19 21
-15 8
18 -3
10 -23
-23 1
0 -20
14 21
-14 9
0 13
-12 3
-1 0
6 -17
11 2
12 13
2 22
21 -6
22 16
-9 -19
-18 -7
10 -12
18 17
-6 16
17 -18
-15 -12
-6 -10
9 3
-12 21
-1 -5
-13 -17
16 5
14 -11
22 -11
-22 11
11 12
7 7
3 -21
-23 -2
-3 9
11 0
-8 -15
-4 -18
-6 1
18 1
-21 -11
-6 4
21 10
15 -20
-7 -8
-7 -14
20 -22
2 1
7 -15
-20 2
-7 5
-9 3
-5 -10
0 21
13 -18
10 -8
-23 15
-2 -14
11 -15
18 14
-13 -11
11 -23
18 7
-8 3
4 -20
4 -6
-7 18
-15 -22
2 21
-2 -1
-16 6
12 -17
8 19
9 -4
6 -2
-20 -4
13 -8
-21 18
8 6
-14 7
2 -21
13 4
15 -2
0 16
-9 22
-17 21
5 7
-5 12
2 20
15 0
15 12
-6 13
9 -10
-17 -3
-20 -2
-3 13
20 11
-7 1
-12 -17
-4 -7
21 -22
-5 -18
10 19
-2 -17
-19 5
9 -8
16 11
-4 -15
19 18
-12 -2
7 10
21 20
-10 -3
-14 -2
18 -18
16 -7
-23 -22
6 22
-16 -22
-1 -6
-19 19
-14 18
9 16
-3 -17
-14 -14
14 5
20 -8
-7 9
-6 -7
-4 12
3 -23
-20 18
-9 16
-21 -19
10 1
-6 6
-12 -4
13 -5
-19 7
-9 12
-14 -16
3 -2
21 16
6 14
5 -14
-23 -20
-14 11
16 19
-17 -10
-17 18
5 22
4 11
-8 -1
15 -15
-4 3
-13 -5
11 -9
15 -16
4 14
-15 3
-10 9
-19 -22
-13 -16
-12 -18
21 -8
7 15
18 10
-4 7
4 18
14 8
-23 9
17 9
-6 -14
21 -9
10 -9
8 -10
1 16
18 9
-17 17
3 -4
13 11
-21 -12
17 -9
-17 -21
-10 20
-1 -11
-16 13
-11 -11
-5 -21
10 21
-10 1
13 14
-20 15
-11 15
-11 -1
-21 2
-7 10
-17 11
7 -11
7 1
-17 -8
4 -7
2 -20
-3 -1
16 12
14 -19
7 -8
-18 18
8 -8
-11 13
9 -11
-8 -11
-7 -6
-15 6
-10 -16
-16 9
13 -3
1 -23
16 13
-17 -11
6 4
-22 4
-7 -19
19 -23
-1 -21
-7 2
-8 -23
-21 1
7 14
-11 -9
-4 -16
-11 -10
0 -22
-13 -12
19 -14
4 -18
14 -21
-2 -10
-15 17
6 7
3 -14
-7 12
-7 3
11 -2
4 -23
-11 12
-13 -6
-10 -4
16 0
7 20
15 -18
-1 9
-19 -18
10 -20
21 -7
12 -5
7 -17
6 -23
-22 14
-19 -13
-9 8
-9 5
-22 6
-2 8
15 16
6 13
13 18
-4 -12
-6 -22
10 -2
21 17
0 -19
-23 -8
3 17
5 -11
-16 -19
-3 -23
11 -5
-5 19
18 6
-18 -18
-17 10
6 -6
-17 13
-8 19
-2 2
11 11
10 18
-14 17
-9 17
-14 0
8 20
4 21
15 4
3 4
-16 12
-22 10
7 -9
-8 1
-12 -8
9 5
16 -18
6 16
20 1
-10 5
-7 -16
-3 -5
14 -9
-17 -7
15 13
14 10
-13 1
20 5
-10 7
0 -1
-2 -23
-13 -20
-16 -14
13 19
20 -2
13 -16
-2 -15
-18 -5
22 -23
-4 19
12 4
-2 -3
3 0
-13 5
-3 7
-9 -9
-19 -1
9 -2
22 -1
-7 -15
20 -18
-8 -14
2 -1
-6 15
-3 20
4 4
15 -4
-5 18
-3 -3
-6 0
-14 -12
-22 -10
-15 18
-5 -8
10 -3
21 -21
-11 14
13 2
-5 -15
-19 -17
-21 10
-8 -13
1 -2
-22 -18
-22 20
-15 -11
5 -3
-1 16
20 -21
-14 12
-15 -1
-23 -19
11 -22
-12 -10
-12 -15
-2 10
-15 15
15 -23
-17 -17
11 7
16 3
16 -10
-13 -2
-21 11
17 13
17 5
-1 10
6 21
-10 -9
-23 21
-5 -5
12 -15
6 2
10 -7
17 1
-4 18
-9 -11
-23 4
-1 -16
-15 -23
7 0
2 19
5 1
-2 -18
9 9
-6 -5
-13 -19
-21 -17
11 10
-18 16
12 3
-21 -18
12 -1
12 -11
2 -9
-22 13
0 15
6 15
-1 21
-11 6
-23 -11
22 -20
13 0
18 20
-5 20
-1 -8
8 -11
-6 -13
-12 -9
17 14
14 15
0 -13
-18 12
-8 2
-21 13
-16 -7
21 -18
9 -1
-14 1
-22 -4
3 22
10 11
19 15
20 12
-21 6
11 -19
-22 -19
7 -19
-12 2
-1 3
16 -22
-7 -10
8 -13
-13 -22
16 7
1 4
21 -10
3 -6
11 -4
3 11
-1 -19
-17 -19
1 -22
-13 -8
7 -3
3 13
11 16
-17 22
16 1
4 20
12 -23
-18 -2
-22 -16
-1 19
5 -15
-8 21
-19 -23
-7 20
-15 19
6 -20
-23 8
-10 -22
16 22
-6 -15
-2 -16
-8 -16
-2 -4
18 -17
-16 -3
0 -8
17 -19
9 19
14 18
4 1
2 7
11 18
17 -14
-3 -11
16 -3
18 8
22 -15
-23 13
17 12
-9 -20
11 14
12 -19
-4 10
3 7
-5 -20
21 -16
13 5
14 -4
5 -1
20 10
-6 22
-10 15
12 -22
-20 0
-20 -11
-13 -3
2 -3
10 20
19 -15
12 -7
20 -9
13 -14
3 -10
-11 -21
-9 2
4 -8
-14 -23
15 -21
-8 -8
10 16
-4 5
2 -7
12 6
13 -11
-13 17
1 -4
11 8
-8 13
3 12
8 -16
11 -18
-15 9
6 -10
14 -20
-9 10
-21 9
-5 -19
19 21
-5 -4
-5 10
20 -1
-19 14
-7 14
-18 -6
13 -12
1 19
7 2
-3 -20
18 -4
-4 -11
-9 -23
2 15
-8 -10
19 -16
-12 0
-16 17
5 19
-18 -1
12 2
-12 -5
22 -18
-2 -21
16 15
21 4
-4 -20
-7 -7
-15 -20
10 13
19 6
-12 10
-5 -9
-22 3
20 21
15 3
-16 -13
17 -6
5 17
-22 7
5 16
-11 -14
20 18
14 22
19 -4
-4 -21
3 21
17 2
-17 -14
0 14
-7 4
6 -22
3 6
9 18
18 -7
1 2
-15 -17
-22 -9
14 -7
10 22
19 3
-13 -23
-15 -2
-14 -17
-16 4
-17 12
-19 16
2 14
-6 -16
-2 22
19 -11
-4 16
-3 -18
12 -18
4 -1
-23 3
-22 -21
17 19
-2 16
-19 -2
-3 3
-9 -4
10 -10
-5 -13
-3 -22
-12 -12
19 -13
-19 -6
13 -9
-4 4
20 2
-21 19
13 22
15 9
3 15
-2 -19
-14 -8
22 12
-8 5
2 17
-17 4
-11 -7
6 8
3 -9
14 -13
-4 -2
-19 12
8 -9
-2 17
-3 6
-21 22
-3 16
13 -20
-13 4
16 -16
-12 22
-16 21
-18 -15
-19 -3
-19 9
-15 12
-10 -8
14 -1
4 -22
0 9
-23 2
-18 10
-16 -15
11 -20
3 -22
-19 20
3 -5
2 -23
19 22
4 -13
-18 -10
-14 4
-5 8
0 -12
11 -17
-18 5
-10 6
-9 20
-14 -10
1 -19
19 -1
7 -18
-8 -18
-10 12
-3 -14
14 7
21 -3
-5 -3
6 19
-6 -21
8 18
-17 1
-15 -6
-11 18
15 -13
-16 -11
-7 7
-20 16
-9 21
13 -23
22 14
10 -6
-13 -21
-9 -16
-5 -6
-17 -9
17 -3
13 9
14 12
-6 17
14 9
-20 -7
-13 -9
13 12
5 -20
4 -16
-16 19
-1 2
2 -12
4 -21
-13 -7
-14 21
2 3
12 20
-12 -14
12 -6
22 8
22 -17
5 -5
-18 -11
-22 12
20 0
4 -3
1 -1
-11 21
-11 11
-23 11
11 3
-20 -13
18 -12
4 19
3 16
11 20
-9 -14
22 21
-12 11
-10 -23
-23 -9
-20 5
19 -5
0 18
-21 -10
-2 -20
-17 5
2 -14
9 -3
19 10
-18 -8
1 -6
-17 2
8 -19
-22 -14
5 -16
16 16
-15 20
-10 -5
-10 13
-22 -8
-4 -14
-12 -13
-9 19
-5 1
-16 0
3 -7
5 -17
11 -3
7 -7
18 22
-19 15
18 11
-8 -12
-21 -5
11 5
-21 -15
-2 -11
-23 -16
-20 -10
3 -13
10 -15
6 -11
2 -6
-7 -3
-20 -9
-10 -21
3 2
17 -13
13 -7
14 -8
-17 0
-7 8
-20 -8
-2 -13
9 6
-3 5
20 -15
-22 16
-19 22
-8 -22
18 -23
8 -2
17 10
9 -18
22 -21
21 -5
5 0
0 3
20 -23
18 -14
-6 3
-11 -16
1 -8
-8 0
-14 14
17 16
19 19
10 -5
-3 2
-1 14
19 13
11 17
5 8
6 -12
12 5
11 19
-20 -21
7 -14
-17 -5
9 -13
21 22
22 6
1 18
-1 18
10 8
-18 2
3 -1
-18 8
-19 -7
2 18
21 -2
1 21
15 8
-13 -14
14 19
-10 -6
16 -20
-14 -4
10 -21
-18 -13
14 3
15 21
14 -14
-7 -21
6 9
-22 -2
4 0
-18 14
-9 18
-2 7
-12 -3
9 15
22 -10
-10 16
-18 -20
19 1
-9 4
-23 6
-20 -6
2 -5
-19 18
6 17
20 22
13 -22
21 11
-11 -12
-5 -2
-10 11
14 -5
3 5
4 16
12 -12
7 4
-13 -13
-14 5
-4 21
17 8
-23 -23
-6 2
-15 22
11 -6
-13 3
-23 0
1 22
5 -18
-23 20
3 -18
-14 -5
19 16
17 -15
-1 -1
8 -23
5 5
7 -1
13 -10
21 3
-4 9
-19 -16
-4 15
-20 21
5 21
-11 -13
9 -14
0 5
-2 18
4 -12
11 9
-17 -18
0 -14
-22 -11
14 -6
-4 -4
15 22
-9 -17
-22 0
8 -15
21 9
10 7
-9 13
6 -8
-15 -21
-6 14
21 5
15 15
17 -7
-7 -20
-4 0
3 10
1 7
-15 13
-1 13
-2 -22
10 15
16 -17
20 19
9 0
21 -13
18 -2
17 11
-20 -16
21 -17
0 -17
-22 -23
-1 8
-3 -4
10 4
1 -7
12 -16
2 0
5 2
7 22
-9 -6
4 2
-10 -17
-23 -17
-1 4
-21 16
13 21
-22 9
20 6
2 16
-18 -17
-21 5
9 -16
1 17
-4 1
21 15
-19 -19
14 13
-3 -10
22 19
-7 17
1 5
-16 1
-21 3
17 -22
20 8
-13 6
-17 16
-15 -7
-15 2
-12 13
16 21
21 -14
-11 -18
0 -5
-12 14
11 1
2 -2
-17 3
-18 19
-8 17
-17 -15
8 7
10 -22
8 -20
-9 -18
-15 21
-23 -12
-9 -15
-6 -9
-20 17
-20 -22
2 4
-18 -16
-22 -12
0 10
-5 3
7 16
2 -4
-4 -23
-1 -14
9 22
0 -15
-17 -2
3 9
10 -18
10 5
12 7
-19 13
1 14
-19 -12
21 -20
-3 -12
1 6
22 15
15 11
6 11
-10 -20
-6 5
-3 -8
2 -15
-20 20
-12 18
-5 -14
-4 2
-16 11
-2 15
8 12
-21 7
7 -16
-10 -2
18 -22
-1 5
8 16
18 -21
16 -21
-6 10
-3 -16
18 -20
-15 5
16 -2
22 -2
22 -5
14 1
-8 15
-18 17
-11 16
13 20
15 -19
19 -17
-8 -9
20 -17
4 -10
0 -18
10 3
-6 21
-1 -2
-1 6
13 13
-21 17
-12 4
-15 -10
-14 -6
-11 -4
-10 2
17 22
-12 -23
4 -5
-2 -7
12 1
-1 -12
-5 -16
1 -14
-13 16
20 -19
-23 -21
-23 -10
8 14
-6 20
16 6
16 -19
3 14
-21 15
-22 1
2 -10
-10 -12
15 7
-6 -1
-16 -9
-22 21
-23 -1
-16 20
0 1
20 -7
-1 -18
14 -16
6 -18
-21 4
-19 -5
-18 22
6 0
4 -4
4 -9
9 2
-18 4
-9 -21
19 -10
6 -9
21 2
-1 -4
-3 -2
-10 8
-2 11
-6 18
7 13
-16 16
5 10
5 9
-19 11
6 18
18 21
-6 9
-11 -5
-20 4
22 11
6 -13
11 -8
10 12
-10 -7
-23 10
-2 -12
-18 20
-5 -11
-20 -12
16 17
-19 8
3 -16
9 7
-21 -21
1 -10
-21 -3
-14 19
-13 12
-23 14
-3 -6
-14 13
20 3
9 4
20 -4
8 -3
22 -19
-2 -9
7 17
17 15
-12 -11
-7 -23
-7 19
0 11
6 -4
-22 19
12 -8
21 6
6 5
14 -23
-15 7
1 -3
-16 -16
-23 -4
8 9
20 15
11 -7
16 -13
1 -13
14 17
1 12
-7 -1
-2 19
6 -3
-17 19
9 -17
15 6
-13 -4
-15 14
14 -12
-22 -15
-3 22
3 18
22 -4
10 2
-9 -22
22 20
-8 7
17 -12
-13 -1
-14 -19
-18 -14
12 12
-10 0
19 -12
9 10
-18 21
-7 11
0 6
3 8
15 -10
-8 14
-16 8
22 0
15 -17
-18 -4
-22 -13
-9 -8
22 3
4 17
-11 5
-17 -20
-8 -19
-2 6
-12 15
5 11
14 -2
17 -11
19 5
16 2
-1 1
-14 -21
-12 -19
1 11
2 -11
-13 0
-23 19
-1 -15
14 -15
11 6
-3 -13
-23 17
16 -11
6 12
0 12
-5 2
16 -6
7 5
9 8
-8 4
2 -22
7 -21
-2 4
21 13
-22 -3
17 4
-16 -20
17 18
21 -12
15 14
19 2
-22 -7
-4 -13
-22 -17
16 -12
18 -8
-4 22
18 -16
-4 13
-8 -7
8 -5
18 2
4 -2
-8 11
-8 -21
13 7
-1 -9
-1 -3
-3 17
8 4
-13 15
-6 -17
12 10
1 -17
-8 -3
16 -9
-5 4
4 3
-20 8
-11 -17
-18 15
11 15
-3 10
-16 7
-9 1
17 0
-9 -10
-8 9
-8 -4
-15 -15
6 -14
21 18
-13 21
2 -16
15 -5
7 -2
-11 7
-11 -15
-10 -13
16 8
-6 -3
18 -10
18 -5
8 11
-18 -9
-7 22
-14 -3
-5 17
19 20
7 11
2 9
-21 -16
8 22
-21 -1
13 -13
8 -18
2 11
10 9
5 15
11 -10
15 5
-16 -8
12 -21
0 19
17 -5
-1 12
13 10
-2 3
-22 5
17 -23
-5 -12
22 18
-4 -10
-19 0
-13 20
-10 -15
-12 17
17 7
-1 -22
-7 6
3 -15
21 -23
-20 12
-1 -23
-19 -14
4 7
-5 22
-21 -20
-1 -7
-22 -6
-9 -5
1 15
7 -10
14 -18
-19 4
18 0
4 10
-2 5
-19 -15
-16 -5
-23 -6
-3 1
5 -22
16 -23
-5 16
8 1
16 20
21 -19
22 -12
11 -11
-12 -20
-19 -9
-13 7
-4 -6
1 3
17 21
-20 6
-6 -12
18 -9
8 -22
13 15
18 -13
13 16
18 3
19 -9
-11 4
-17 15
2 5
-3 -9
-3 15
0 20
-22 8
8 0
21 8
-21 12
3 -20
-21 -22
-22 18
-3 14
-9 6
15 -11
12 9
